' Χ

11111111 011 1011111111 1111111010111111 1111111111 11111111 aeriarum.
1 01111( 110011 00111. 111. ι. 1. 11 1111001 1111111111, 11οι
r 01111010 01111, 1 111111 1111 1001101110 1110 011 1111111111,
1 111 1111111111 diei 01111001 1101111110,1111111111111οω
0 1111, 111 11 em 10111011 reperiri, 1101 1111111101 1111101
1 1111111111 et 1011010111 1111111011 11111 8. (11001101111111 100101
ι 111111,1111.11100011111111110101111010111100110111101
r 1111111111 meraritarum cirri 111111 1101111101 011111 1101-
· 00111,11 11011111 1001011111 01111 1111111111 1111111111, 111111
n 0111100111 nri 11100, 011 11110111, 10111 111111 101 11111111 111111
r 111110. rm 01111111 1111011 1110101111 110 01111111 10011111
0011111011, 1111110110 1101111101 0111111111 mmmm
1111 01111 11111 reprobamur, 010 11111 111 1111111111, 01111 1110
0110111 1011011 11111111 11111111 11111111111111111001111111111111,
111 011111111111,1111’1 1111 erim, 011 1101111 011 esre, 111
1001111111οω 11 qur qrroeritur, 111111 esre 1001111ιί1110, 011101
0111111111ομ11 permissionem rpprobrrirm 111111 ira. 011 111
1011111,11111111111110110110 11111111010111011101110111111
01101 01111111 errore, (0011011οι 000110111111 01111 1111 11101101.
1100111011 10111 S. 11010011 11 10001111 0111111011 0101101,
011 1111111111 1100111111 1111011111 11111111 111111, 1111 001111
1111 11111111 judicio 1110111111 1001111,0011101 11 ipsam 11110111
erre 11111101,0011111 principium 1111110111, 011110111001111101010-
nen. 111111 11111111 1101111100οι 11111101111101111111111111111111111
11111110, 111 00111001, 10 11111010100011 1111111 8. 1101101111 1011001
principium 1101011110,11011110111111 1010100110 110111 11111 101

boios 011111, nortmanorum 1 sensu 1111111111, 1111111101, 1110· ¹

01101 ,111111 0101110101, 1111111101 101 errorem 1101101111,11 erroro
1111011111, 1101110101, 1111111011 0111111110,οὴ1111 1011111101·
1111111111,11111 1111111101, simplicium 11111111αο,111111011111110,

1110110110,11101101,11111011101101. erae 1110111 1101,1011000 1111· ,
, bitur, iri 11 1111111,110101111,1101111111,111111111111001110011101 ¹

11111111,111]0110011100111111οο1 10111 tranquillari 1011101, qno 11
0111 1110011111 001111111111101, 11011 111110 01111111 10110111ιο11

01111111011111 hujus 11111111111111111111111 1111111, 10101· ,

1111101100 1111101001111111 solim 11 101101, qualis 1011110 1111111111 ’
01111110011001110101111011 101111 11011110, 10 1011001111111

theologiam, 111 11 101110 11111000 00110010011110110 1101111· ,

111010 11111 liri ’1111111011 11011111,1111110001 11111111 1181, 101111·
111111,11111111 001011 1111011101,100110011110 10011111 1110111100
0111011111110. 111110111011011,0011 110100 1010111111011,

 

k

